15.5500 15.5500 0.6200 11.1500 230.0000 11.4400
14.2500 14.2500 0.6900 8.5100 163.0000 11.2000
13.1400 13.1400 0.7000 7.6300 139.0000 11.2000
11.5400 11.5400 0.7700 7.3800 147.0000 11.0200
11.1800 11.1800 0.7700 4.9200 160.0000 9.9800
10.1100 10.1100 0.8000 6.6400 163.0000 15.8000
10.2000 10.2000 0.7700 3.9200 152.0000 14.9000
10.4200 10.4200 0.6200 16.9800 150.0000 15.8000
9.9100 7.5600 0.6600 17.2100 149.0000 15.8000
11.1800 11.1800 0.8000 10.8100 163.0000 14.9500

15.5500 15.5500 0.6200 11.1500 230.0000 11.4400

Dot product of rows 1, 3: 24476.6491
Dot product of rows 1, 1: 27173.4612

1413.7176 1390.4291 84.0529 1110.5319 19271.1500 1523.4802
1390.4291 1372.6631 82.5019 1070.0884 18921.0000 1486.3502
84.0529 82.5019 5.2292 66.4615 1157.9400 95.1278
1110.5319 1070.0884 66.4615 1094.4469 15435.7400 1303.8847
19271.1500 18921.0000 1157.9400 15435.7400 266942.0000 21231.5900
1523.4802 1486.3502 95.1278 1303.8847 21231.5900 1797.2269

3.7292 4.2091 -0.0592 -0.8100 31.8202 -3.1459
4.2091 5.2413 -0.0435 -2.8193 35.1102 -3.8224
-0.0592 -0.0435 0.0050 -0.2274 -0.6200 0.0026
-0.8100 -2.8193 -0.2274 21.0105 6.6111 5.2276
31.8202 35.1102 -0.6200 6.6111 644.0444 -12.6838
-3.1459 -3.8224 0.0026 5.2276 -12.6838 5.8278

25.9700 25.9700 0.6200 28.1300 380.0000 27.2400
14.2500 14.2500 0.6900 8.5100 163.0000 11.2000
13.1400 13.1400 0.7000 7.6300 139.0000 11.2000
32.9200 32.9200 0.7700 16.2200 459.0000 35.9000
21.2900 21.2900 0.8000 17.4500 326.0000 30.7500
9.9100 7.5600 0.6600 17.2100 149.0000 15.8000

12.9850 12.9850 0.6200 14.0650 190.0000 13.6200
14.2500 14.2500 0.6900 8.5100 163.0000 11.2000
13.1400 13.1400 0.7000 7.6300 139.0000 11.2000
10.9733 10.9733 0.7700 5.4067 153.0000 11.9667
10.6450 10.6450 0.8000 8.7250 163.0000 15.3750
9.9100 7.5600 0.6600 17.2100 149.0000 15.8000

15.5500 15.5500 0.6200 11.1500 230.0000 11.4400
14.2500 14.2500 0.7000 8.5100 163.0000 11.2000
11.5400 11.5400 0.7700 7.3800 147.0000 11.0200
11.1800 11.1800 0.7700 4.9200 160.0000 9.9800
10.4200 10.4200 0.8000 17.2100 163.0000 15.8000
10.2000 10.2000 0.7700 3.9200 152.0000 14.9000
11.1800 11.1800 0.8000 10.8100 163.0000 14.9500

15.5500 15.5500 0.6200 11.1500 230.0000 11.4400
13.1400 13.1400 0.6900 7.6300 139.0000 11.2000
11.5400 11.5400 0.7700 7.3800 147.0000 11.0200
11.1800 11.1800 0.7700 4.9200 160.0000 9.9800
9.9100 7.5600 0.6200 6.6400 149.0000 15.8000
10.2000 10.2000 0.7700 3.9200 152.0000 14.9000
11.1800 11.1800 0.8000 10.8100 163.0000 14.9500

44.2600 48.1600 378.8300 204.4200
40.3900 42.3800 319.0900 177.1100
37.3300 37.6400 307.8500 180.7300
34.4000 36.4400 316.4900 200.8400
33.0300 31.0200 320.1800 196.7200
32.1500 44.9200 318.3400 207.2200
31.9600 39.5100 319.4100 201.8300
30.5800 50.0500 331.6300 207.5400

44.2600 48.1600 378.8300 204.4200
40.3900 42.3800 319.0900 177.1100
37.3300 37.6400 307.8500 180.7300
34.4000 36.4400 316.4900 200.8400
33.0300 31.0200 320.1800 196.7200
32.1500 44.9200 318.3400 207.2200
31.9600 39.5100 319.4100 201.8300
30.5800 50.0500 331.6300 207.5400